1 1
2 1
3 1
4 1
5 1
6 1
7 2
8 1
9 1
10 2
11 1
12 1
13 1
14 1
15 2
16 2
17 1
18 2
19 1
20 2
21 1
22 3
23 2
24 1
25 2
26 2
27 1
28 1
29 1
30 20
31 2
32 5
33 20
34 21
35 2
36 837
37 5
38 1
39 2
40 80
41 32
42 838
43 1398
44 2337
45 81
46 2
47 1
48 105
49 4
50 1
51 2
52 2
53 13990
54 162
55 32
56 3
57 2
58 167706
59 887202
60 16
61 105
62 21
63 1
64 5
65 2
66 75
67 5
68 838
69 29369
70 1
71 3
72 29369
73 4291
74 10
75 2
76 200
77 84
78 6
79 102086
80 3278
81 6
82 21
83 62
84 738
85 838
86 31
Graph: ca-sandi_auths
 time: 856.629058599472