1 1
2 1
3 1
4 1
5 1
6 2
7 1
8 5
9 1
10 1
11 1
12 1
13 1
14 1
15 2
16 2
17 2
18 1
19 2
20 2
21 3
22 1
23 1
24 2
25 1
26 1
27 1
28 12
29 1
30 1
31 1
32 13
33 3
34 1
35 1
36 1
37 1
38 6
39 6
40 2
41 2
42 6
43 1
44 1
45 48
46 1
47 1
48 1
49 1
50 14
51 2
52 1
53 4
54 23616
55 2
56 888
57 5
58 74
59 3
60 1
61 47234
62 1
63 1
64 10
65 2
66 3
67 23617
68 4
69 1
70 10
71 1

73 2
74 444
75 784
76 2
77 15
78 13
79 98
80 889
81 33
82 1
83 49
84 2
85 2
86 1
87 2
88 3

90 889
91 3
92 23617

94 2
95 141708
96 4

Graph: rt-retweet
	time: 15min + ?
